x=[[1:5]',ones(5,1)];y=[11 12 13 15 16]';z=x\y