pp=[0.444444444	0.066666667	0.041935484	0.172631125	0.008980692	0.132823979	0.37254902
0.481481481	0.2	0.180645161	0.297139574	0.002245173	0.192477226	0.352941176
0.592592593	0.6	0.34516129	0.361907669	0.167489897	0.250367323	0.725490196
0.740740741	0.866666667	0.587096774	0.684006392	0.309384823	0.510431972	0.470588235
0.740740741	0.466666667	0.690322581	0.833527859	0.326897171	0.55010285	0.588235294
0.666666667	1	0.861290323	0.551309906	0.398293669	0.616808698	0.588235294
0.592592593	0.6	0.948387097	0.778671599	0.319263583	0.692036438	0.666666667
0.703703704	0.533333333	0.912903226	0.685819971	0.174225415	0.686159271	0.725490196
0.740740741	0.266666667	0.735483871	0.570558977	0.195779075	0.565383485	0.647058824
0.407407407	0.133333333	0.480645161	0.009049936	0.667714414	0.136644138	1
0.555555556	0.066666667	0.322580645	0.176383976	0.209699147	0.149867764	0.882352941
0.518518519	0	0.112903226	0.223483148	0.009429726	0.104613576	0.705882353
0.444444444	0.066666667	0.038709677	0.314144117	0.030085317	0.104907435	0.529411765
0.592592593	0.2	0.170967742	0.292219569	0.069151325	0.183661475	0.509803922
0.666666667	0.6	0.34516129	0.687992674	0.001347104	0.445783133	0.254901961
0.666666667	0.866666667	0.503225806	0.634788386	0.106421194	0.429914781	0.431372549
0.592592593	0.466666667	0.716129032	0.848018531	0.186798383	0.597120188	0.431372549
0.777777778	1	0.909677419	0.972724498	0.145487203	0.935645019	0.235294118
0.62962963	0.6	0.94516129	0.749726168	0.287382128	0.709374082	0.607843137
0.481481481	0.533333333	0.867741935	0.803271624	0.693758419	0.570966794	0.725490196
0.666666667	0.266666667	0.693548387	0.516187535	0.205208801	0.354980899	0.764705882
0.222222222	0.133333333	0.503225806	0.167657252	0.50246969	0.148398472	0.941176471
0.740740741	0.066666667	0.25483871	0.125980859	0.247867086	0.104613576	0.862745098
0.518518519	0	0.129032258	0.13334291	0.022900763	0.101968851	0.725490196
0.703703704	0.066666667	0.04516129	0.411053851	0	0.191007934	0.078431373
0.444444444	0.2	0.132258065	0.424521018	0.012572968	0.200117543	0.274509804
0.851851852	0.6	0.329032258	0.511303442	0.14234396	0.367029092	0.509803922
0.777777778	0.866666667	0.458064516	0.40473326	0.242029636	0.291507493	0.725490196
0.592592593	0.466666667	0.638709677	0.485266919	0.492141895	0.282691743	0.882352941
0.592592593	1	0.880645161	0.985868453	0.114503817	0.793123714	0.37254902
0.777777778	0.6	0.941935484	0.808065935	0.171980242	0.783720247	0.470588235
0.481481481	0.533333333	0.909677419	0.784363721	0.458015267	0.613870115	0.666666667
0.296296296	0.266666667	0.677419355	0.197267063	0.493039964	0.206288569	0.941176471
0.407407407	0.133333333	0.506451613	0.442064247	0.172429277	0.287687335	0.647058824
0.407407407	0.066666667	0.303225806	0.194519761	0.24831612	0.141052013	0.823529412
0.407407407	0	0.090322581	0.175701639	0.075437809	0.095210109	0.745098039
0.37037037	0.066666667	0.074193548	0.143111095	0.033228559	0.079341757	0.784313725
0.666666667	0.2	0	0.164461044	0.035922766	0.090214517	0.68627451
0.740740741	0.6	0.351612903	0.396724785	0.122137405	0.310902145	0.647058824
1	0.866666667	0.535483871	0.43843709	0.236641221	0.314722304	0.823529412
0.666666667	0.466666667	0.641935484	0.480400783	0.573866188	0.337055539	0.803921569
0.592592593	1	0.851612903	0.844660717	0.200718455	0.721128416	0.392156863
0.481481481	0.6	0.906451613	0.743387621	0.380332286	0.591830738	0.725490196
0.481481481	0.533333333	0.893548387	0.876155932	0.366861248	0.621216574	0.705882353
0.518518519	0.266666667	0.667741935	0.191521072	0.907498877	0.19894211	0.960784314
0.481481481	0.133333333	0.529032258	0.098382144	0.56129322	0.138113429	0.980392157
0.481481481	0.066666667	0.322580645	0.211039486	0.060619668	0.152218631	0.764705882
0.518518519	0	0.112903226	0.17189492	0.033677593	0.096679401	0.666666667
0.296296296	0.066666667	0.096774194	0.19186224	0.000449035	0.102262709	0.588235294
0.555555556	0.2	0.167741935	0.135982475	0.02649304	0.160446665	0.490196078
0.555555556	0.6	0.290322581	0.475534647	0.167489897	0.282985601	0.529411765
0.740740741	0.866666667	0.477419355	0.478964285	0.321059722	0.302674111	0.803921569
0.444444444	0.466666667	0.696774194	0.840997648	0.239335429	0.495445195	0.647058824
0.518518519	1	0.877419355	0.913935824	0.300404131	0.809873641	0.31372549
0.407407407	0.6	0.893548387	0.709989047	0.635383925	0.514545989	0.745098039
0.333333333	0.533333333	0.84516129	0.69571385	0.191737764	0.5483397	0.666666667
0.296296296	0.266666667	0.716129032	0.627929109	0.256847777	0.446076991	0.647058824
0.296296296	0.133333333	0.519354839	0.376595859	0.293219578	0.226270937	0.843137255
0.518518519	0.066666667	0.332258065	0.291429495	0.061068702	0.194240376	0.647058824
0.481481481	0	0.077419355	0.212404159	0.022002694	0.130179254	0.431372549
0.407407407	0.066666667	0.087096774	0.274119696	0.012572968	0.124889803	0.450980392
0.518518519	0.2	0.241935484	0.398340845	0.055680287	0.218336762	0.490196078
0.814814815	0.6	0.351612903	0.483902246	0.167040862	0.31002057	0.588235294
0.740740741	0.866666667	0.532258065	0.593902067	0.21194432	0.410520129	0.588235294
0.666666667	0.466666667	0.7	0.700310643	0.137853615	0.574786953	0.450980392
0.666666667	1	0.935483871	1	0.293219578	1	0.176470588
0.62962963	0.6	0.94516129	0.759655959	0.446789403	0.697913606	0.607843137
0.555555556	0.533333333	0.912903226	0.847892837	0.119443197	0.674992654	0.607843137
0.37037037	0.266666667	0.661290323	0.424125981	0.473282443	0.323831913	0.784313725
0.518518519	0.133333333	0.5	0.361422851	0.235294118	0.279165442	0.705882353
0.518518519	0.066666667	0.277419355	0.294500009	0.036820835	0.227446371	0.470588235
0.481481481	0	0.05483871	0.165933454	0	0.116955627	0.470588235
0.37037037	0.066666667	0.019354839	0.247311056	0.024247867	0.132236262	0.215686275
0.62962963	0.2	0.112903226	0.276202618	0.076784912	0.129885395	0.647058824
0.333333333	0	0.096774194	0.114794132	0.006286484	0	0.607843137
0.481481481	0.066666667	0.090322581	0.247221275	0.013471037	0.133999412	0.31372549
0.481481481	0.2	0.125806452	0.204144296	0.035024697	0.162503673	0.450980392
0.62962963	0.6	0.329032258	0.328706613	0.127974854	0.290919777	0.490196078
0.444444444	0.866666667	0.583870968	0.481621806	0.031881455	0.459888334	0.450980392
0.481481481	0.466666667	0.748387097	0.701944659	0.356533453	0.608874522	0.509803922
0.518518519	1	0.890322581	0.680056023	0.159856309	0.775198354	0.37254902
0.407407407	0.6	0.883870968	0.584726437	0.623709026	0.464296209	0.823529412
0.666666667	0.533333333	0.94516129	0.835628737	0.016614279	0.798119306	0.509803922
0.259259259	0.266666667	0.706451613	0.454346304	0.466546924	0.357331766	0.764705882
0.407407407	0.133333333	0.509677419	0.329981505	0.46026044	0.264766383	0.745098039
0.148148148	0.066666667	0.312903226	0.067766785	0.085316569	0.114310902	0.803921569
0.259259259	0	0.112903226	0.107378212	0.002694207	0.108433735	0.607843137
0.333333333	0.066666667	0.103225806	0.135569482	0.049393803	0.130473112	0.549019608
0.333333333	0.2	0.229032258	0.243755724	0.097440503	0.19894211	0.470588235
0.407407407	0.6	0.312903226	0.296600887	0.304894477	0.238025272	0.647058824
0.481481481	0.866666667	0.493548387	0.444937243	0.109564436	0.312077579	0.745098039
0.222222222	0.466666667	0.629032258	0.582769209	0.182308038	0.427563914	0.62745098
0.407407407	1	0.906451613	0.821425365	0.081275258	0.859829562	0.274509804
0.407407407	0.6	0.903225806	0.615000628	0.591378536	0.580370262	0.725490196
0.518518519	0.533333333	0.903225806	0.611463253	0.198024248	0.629738466	0.62745098
0.259259259	0.266666667	0.661290323	0.276615611	0.441400988	0.260946224	0.882352941
0.296296296	0.133333333	0.561290323	0.497118026	0.088010777	0.347340582	0.549019608
0.481481481	0.066666667	0.264516129	0.221023146	0.061068702	0.207464002	0.450980392
0.111111111	0	0.132258065	0.031225871	0.000449035	0.0861005	0.68627451
0.333333333	0.066666667	0.064516129	0.1483184	0.033228559	0.129297679	0.411764706
0.296296296	0.2	0.109677419	0.224183441	0.007633588	0.159271231	0.37254902
