pp=[0.296296296	0.066666667	0.04516129	0.155536801	0.040413112	0.10755216	0.529411765
0.37037037	0.2	0.161290323	0.238656156	0.081275258	0.16838084	0.431372549
0.481481481	0.6	0.4	0.514158482	0.112707678	0.391713194	0.352941176
0.37037037	0.866666667	0.548387097	0.618502092	0.196677144	0.373493976	0.62745098
0.296296296	0.466666667	0.738709677	0.904095814	0.15895824	0.733176609	0.274509804
0.444444444	1	0.922580645	0.81084915	0.133812304	0.841904202	0.333333333
0.444444444	0.6	0.922580645	0.710491821	0.562191289	0.609168381	0.705882353
0.444444444	0.533333333	0.85483871	0.257169022	0.916479569	0.429327064	0.803921569
0.111111111	0.266666667	0.683870968	0.101326965	0.807364167	0.241551572	0.882352941
0.333333333	0.133333333	0.435483871	0.287012264	0.10597216	0.23126653	0.607843137
0.185185185	0.066666667	0.251612903	0.149970372	0.12168837	0.129591537	0.745098039
0.333333333	0	0.077419355	0.186834497	0.022900763	0.114310902	0.549019608
0.148148148	0.066666667	0.083870968	0.153920741	0.023349798	0.103732001	0.509803922
0.444444444	0.2	0.193548387	0.168716669	0.056578357	0.136937996	0.725490196
0.333333333	0.6	0.335483871	0.345316119	0.167489897	0.245077872	0.666666667
0.37037037	0.866666667	0.532258065	0.653750157	0.128423889	0.381134293	0.529411765
0.37037037	0.466666667	0.738709677	0.855991094	0.14324203	0.593006171	0.411764706
0.296296296	1	0.867741935	0.857248029	0.127974854	0.757860711	0.333333333
0.37037037	0.6	0.9	0.667432799	0.337224966	0.626212166	0.529411765
0.185185185	0.533333333	0.825806452	0.575730369	0.615626403	0.410226271	0.843137255
0.185185185	0.266666667	0.667741935	0.207663716	0.429726089	0.224213929	0.901960784
0.148148148	0.133333333	0.574193548	0.264297642	0.101930849	0.255950632	0.764705882
0.259259259	0.066666667	0.280645161	0.066689411	0.104176022	0.146635322	0.68627451
0.259259259	0	0.093548387	0.120109174	0.003143242	0.108727593	0.411764706
0.111111111	0.066666667	0.035483871	0.131026557	0.011674899	0.080223332	0.509803922
0.259259259	0.2	0.158064516	0.306889803	0.027391109	0.192477226	0.196078431
0.592592593	0.6	0.325806452	0.45127579	0.171531208	0.328239788	0.392156863
0.481481481	0.866666667	0.551612903	0.589951698	0.209250112	0.388480752	0.529411765
0.296296296	0.466666667	0.683870968	0.58741987	0.427031881	0.352336174	0.745098039
0.333333333	1	0.803225806	0.524465353	0.398293669	0.431090215	0.666666667
0.222222222	0.6	0.85483871	0.429907885	0.75662326	0.392007053	0.725490196
0.333333333	0.533333333	0.832258065	0.598121779	0.240233498	0.397296503	0.843137255
0.222222222	0.266666667	0.703225806	0.287892119	0.920071846	0.279165442	0.901960784
0.222222222	0.133333333	0.512903226	0.053347938	0.821733273	0.134880987	0.941176471
0.185185185	0.066666667	0.319354839	0.152843368	0.069600359	0.140464296	0.745098039
0.222222222	0	0.125806452	0.096891778	0.002245173	0.099030267	0.62745098
0.222222222	0.066666667	0.041935484	0.069849706	0.023349798	0.096973259	0.450980392
0.333333333	0.2	0.103225806	0.164658562	0.000449035	0.190714076	0.294117647
0.444444444	0.6	0.338709677	0.297031836	0.012572968	0.389656186	0.333333333
0.407407407	0.866666667	0.538709677	0.311468639	0.116299955	0.359388775	0.607843137
0.222222222	0.466666667	0.703225806	0.427429926	0.216434665	0.42109903	0.705882353
0.333333333	1	0.829032258	0.478730854	0.466546924	0.509844255	0.607843137
0.407407407	0.6	0.84516129	0.31631682	0.669061518	0.388480752	0.843137255
0.407407407	0.533333333	0.874193548	0.753317412	0.096542434	0.580370262	0.68627451
0.333333333	0.266666667	0.64516129	0.197967356	1	0.209814869	0.941176471
0.259259259	0.133333333	0.5	0.264890198	0.173327346	0.225389362	0.725490196
0.222222222	0.066666667	0.319354839	0.01739958	0.10597216	0.128709962	0.803921569
0.074074074	0	0.035483871	0	0.105523125	0.07170144	0.705882353
0.111111111	0.066666667	0.05483871	0.07144781	0.010327795	0.076109315	0.607843137
0.37037037	0.2	0.138709677	0.153076799	0.02155366	0.155157214	0.529411765
0.333333333	0.6	0.261290323	0.267709325	0.050291872	0.228327946	0.62745098
0.37037037	0.866666667	0.570967742	0.579680738	0.138751684	0.459888334	0.470588235
0.333333333	0.466666667	0.7	0.517713814	0.27480916	0.386423744	0.764705882
0.37037037	1	0.85483871	0.575227595	0.373596767	0.644431384	0.529411765
0.296296296	0.6	0.94516129	0.807132212	0.209699147	0.734352042	0.490196078
0.407407407	0.533333333	0.919354839	0.597080318	0.17961383	0.59858948	0.666666667
0.222222222	0.266666667	0.65483871	0.204503421	0.484957342	0.249779606	0.882352941
0.222222222	0.133333333	0.5	0.157583811	0.423439605	0.205406994	0.862745098
0.333333333	0.066666667	0.277419355	0.17931084	0.023349798	0.176902733	0.588235294
0.222222222	0	0.074193548	0.108204198	0.015267176	0.117543344	0.509803922
0.333333333	0.066666667	0.116129032	0.176545582	0.006286484	0.173964149	0.37254902
0.444444444	0.2	0.138709677	0.253505952	0.012572968	0.23831913	0.235294118
0.518518519	0.6	0.325806452	0.409689178	0.057476426	0.334410814	0.490196078
0.37037037	0.866666667	0.535483871	0.479520928	0.153569825	0.426682339	0.490196078
0.333333333	0.466666667	0.738709677	0.657933957	0.111360575	0.599471055	0.588235294
0.37037037	1	0.870967742	0.574168178	0.220026942	0.62180429	0.509803922
0.333333333	0.6	0.929032258	0.701298235	0.362370903	0.675874229	0.529411765
0.259259259	0.533333333	0.880645161	0.696647573	0.125280647	0.608874522	0.62745098
0.222222222	0.266666667	0.732258065	0.480113483	0.546924113	0.433147223	0.607843137
0.333333333	0.133333333	0.487096774	0.272449767	0.146385272	0.269468116	0.68627451
0.296296296	0.066666667	0.261290323	0.082580668	0.056129322	0.149280047	0.647058824
0.333333333	0	0.122580645	0.063116123	0.010327795	0.114017044	0.588235294
0.296296296	0.066666667	0.106451613	0.138173134	0.000898069	0.136056421	0.450980392
0.37037037	0.2	0.209677419	0.200122102	0.037718904	0.193946518	0.490196078
0.444444444	0.6	0.280645161	0.232299653	0.17961383	0.261240082	0.588235294
0.481481481	0.866666667	0.55483871	0.568907005	0.167938931	0.462533059	0.588235294
0.407407407	0.466666667	0.693548387	0.496507515	0.755725191	0.444019982	0.666666667
0.444444444	1	0.777419355	0.345567506	0.429277054	0.406993829	0.725490196
0.518518519	0.6	0.925806452	0.635506635	0.364616075	0.661769027	0.529411765
0.296296296	0.533333333	0.877419355	0.64380241	0.362819937	0.526300323	0.745098039
0.518518519	0.266666667	0.790322581	0.57434774	0.049842838	0.595944755	0.450980392
0.592592593	0.133333333	0.570967742	0.26778115	0.263583296	0.347340582	0.62745098
0.333333333	0.066666667	0.283870968	0.095832361	0.120790301	0.138113429	0.764705882
0.222222222	0	0.122580645	0.149611248	0	0.10931531	0.509803922
0.185185185	0.066666667	0.093548387	0.185038875	0.022002694	0.147223038	0.294117647
0.407407407	0.2	0.122580645	0.148713437	0.078132016	0.16309139	0.431372549
0.407407407	0.6	0.229032258	0.247616311	0.241131567	0.180722892	0.62745098
0.37037037	0.866666667	0.541935484	0.594153454	0.104625056	0.497796062	0.431372549
0.407407407	0.466666667	0.722580645	0.629581081	0.36506511	0.516309139	0.647058824
0.592592593	1	0.906451613	0.770573342	0.045352492	0.779312371	0.333333333
0.37037037	0.6	0.880645161	0.498787955	0.80960934	0.452835733	0.843137255
0.518518519	0.533333333	0.858064516	0.60562748	0.485855411	0.464296209	0.803921569
0.074074074	0.266666667	0.719354839	0.278770358	0.348899865	0.270349691	0.862745098
0.111111111	0.133333333	0.519354839	0.084609721	0.429277054	0.15956509	0.882352941
0.296296296	0.066666667	0.335483871	0.239625792	0.013022003	0.227152512	0.490196078
0.148148148	0	0.122580645	0.032806019	0.013022003	0.101674993	0.568627451
0.222222222	0.066666667	0.035483871	0.012641181	0.139200718	0.05906553	0.843137255
0.185185185	0.2	0.122580645	0.082544756	0.154916929	0.114604761	0.745098039
0.407407407	0.6	0.319354839	0.332944282	0.127974854	0.319130179	0.490196078
0.481481481	0.866666667	0.54516129	0.400405811	0.273462057	0.369379959	0.607843137
0.407407407	0.466666667	0.696774194	0.714406277	0.093848226	0.48927417	0.62745098
