0	5.3912	32.231	5.0918	20.963	2.2345
5.3912	0	4.804	6.6135	5.8079	3.8159
32.231	4.804	0	4.3647	22.834	2.1255
5.0918	6.6135	4.3647	0	4.5377	2.9898
20.963	5.8079	22.834	4.5377	0	2.3098
2.2345	3.8159	2.1255	2.9898	2.3098	0
~
					
0	109.26	-128.25	24.18	173.07	14.475
109.26	0	-88.871	-42.244	-92.305	9
-128.25	-88.871	0	12.476	-58.786	0.31081
24.18	-42.244	12.476	0	5.9692	-3.5256
173.07	-92.305	-58.786	5.9692	0	1.9144
14.475	9	0.31081	-3.5256	1.9144	0
